bert_tiny
Accuracy: 0.992862807295797
Precision: 0.997586484312148
Recall: 0.9916033586565374
F1: 0.9945859234008422
bert_tiny_freeze
Accuracy: 0.7279936558287073
Precision: 0.73
Recall: 0.9340263894442223
F1: 0.8195053499386072
bert_base
Accuracy: 0.9941845096484272
Precision: 0.997591328783621
Recall: 0.9936025589764095
F1: 0.9955929487179488
bert_base_freeze
Accuracy: 0.8384879725085911
Precision: 0.8489660265878878
Recall: 0.9192323070771692
F1: 0.8827030140142063
